26494 20230101  2.424 -147.51   64.97    -1.2    -9.5    -5.4    -4.2     0.0     0.00 C    -4.0   -15.9    -8.8    80.9    44.5    61.1 -99.000 -99.000 -99.000 -99.000 -99.000 -9999.0 -9999.0 -9999.0 -9999.0 -9999.0
26494 20230102  2.424 -147.51   64.97     0.0    -5.8    -2.9    -3.3     0.0     0.00 C    -6.2   -12.6   -10.2    77.8    54.8    67.0 -99.000 -99.000 -99.000 -99.000 -99.000 -9999.0 -9999.0 -9999.0 -9999.0 -9999.0
26494 20230103  2.424 -147.51   64.97    -2.4    -9.7    -6.0    -5.5     0.0     0.00 C   -11.1   -15.0   -13.4    87.4    56.2    74.3 -99.000 -99.000 -99.000 -99.000 -99.000 -9999.0 -9999.0 -9999.0 -9999.0 -9999.0
26494 20230104  2.424 -147.51   64.97    -0.9    -8.1    -4.5    -4.9     0.0     0.00 C    -7.7   -15.9   -12.6    77.1    42.6    59.5 -99.000 -99.000 -99.000 -99.000 -99.000 -9999.0 -9999.0 -9999.0 -9999.0 -9999.0
26494 20230105  2.424 -147.51   64.97    -2.8   -13.1    -8.0    -7.9     0.0     0.00 C    -8.9   -20.1   -14.0    83.9    45.1    66.3 -99.000 -99.000 -99.000 -99.000 -99.000 -9999.0 -9999.0 -9999.0 -9999.0 -9999.0
26494 20230106  2.424 -147.51   64.97   -13.1   -16.2   -14.6   -14.8     0.9     0.00 C   -13.9   -20.8   -16.1    84.0    80.3    81.7 -99.000 -99.000 -99.000 -99.000 -99.000 -9999.0 -9999.0 -9999.0 -9999.0 -9999.0
26494 20230107  2.424 -147.51   64.97   -11.8   -16.8   -14.3   -14.7     0.8     0.00 C   -12.2   -17.5   -14.4    83.2    77.0    80.7 -99.000 -99.000 -99.000 -99.000 -99.000 -9999.0 -9999.0 -9999.0 -9999.0 -9999.0
26494 20230108  2.424 -147.51   64.97   -13.7   -16.0   -14.9   -15.2     0.0     0.00 C   -13.2   -15.1   -14.4    84.2    80.6    81.6 -99.000 -99.000 -99.000 -99.000 -99.000 -9999.0 -9999.0 -9999.0 -9999.0 -9999.0
26494 20230109  2.424 -147.51   64.97   -13.1   -18.6   -15.9   -15.9     0.0     0.00 C   -13.9   -26.1   -19.1    83.3    78.0    80.4 -99.000 -99.000 -99.000 -99.000 -99.000 -9999.0 -9999.0 -9999.0 -9999.0 -9999.0
26494 20230110  2.424 -147.51   64.97   -12.2   -16.1   -14.2   -14.3     0.0     0.00 C   -16.3   -22.2   -19.4    81.8    75.6    80.0 -99.000 -99.000 -99.000 -99.000 -99.000 -9999.0 -9999.0 -9999.0 -9999.0 -9999.0
26494 20230111  2.424 -147.51   64.97   -10.7   -16.2   -13.4   -13.8     0.0     0.00 C   -13.3   -22.2   -18.0    81.4    67.6    77.7 -99.000 -99.000 -99.000 -99.000 -99.000 -9999.0 -9999.0 -9999.0 -9999.0 -9999.0
26494 20230112  2.424 -147.51   64.97   -13.5   -16.8   -15.2   -15.5     0.0     0.00 C   -15.3   -23.5   -19.4    80.9    71.9    79.2 -99.000 -99.000 -99.000 -99.000 -99.000 -9999.0 -9999.0 -9999.0 -9999.0 -9999.0
26494 20230113  2.424 -147.51   64.97   -11.6   -16.0   -13.8   -14.0     0.0     0.00 C   -13.0   -23.2   -18.4    83.6    79.4    81.4 -99.000 -99.000 -99.000 -99.000 -99.000 -9999.0 -9999.0 -9999.0 -9999.0 -9999.0
26494 20230114  2.424 -147.51   64.97   -11.3   -15.5   -13.4   -13.8     0.0     0.00 C   -12.4   -22.1   -18.3    84.0    77.3    81.0 -99.000 -99.000 -99.000 -99.000 -99.000 -9999.0 -9999.0 -9999.0 -9999.0 -9999.0
26494 20230115  2.424 -147.51   64.97   -11.8   -15.5   -13.7   -13.3     0.0     0.00 C   -12.3   -20.8   -16.5    81.9    74.8    79.5 -99.000 -99.000 -99.000 -99.000 -99.000 -9999.0 -9999.0 -9999.0 -9999.0 -9999.0
26494 20230116  2.424 -147.51   64.97    -9.4   -14.9   -12.2   -12.8     0.0     0.00 C   -11.9   -19.8   -16.6    85.6    78.8    81.9 -99.000 -99.000 -99.000 -99.000 -99.000 -9999.0 -9999.0 -9999.0 -9999.0 -9999.0
26494 20230117  2.424 -147.51   64.97   -10.6   -16.2   -13.4   -13.3     0.0     0.00 C   -16.3   -20.5   -18.4    84.3    78.7    82.1 -99.000 -99.000 -99.000 -99.000 -99.000 -9999.0 -9999.0 -9999.0 -9999.0 -9999.0
26494 20230118  2.424 -147.51   64.97    -9.5   -18.8   -14.1   -14.7     0.0     0.00 C   -14.3   -22.6   -19.4    84.7    78.6    81.3 -99.000 -99.000 -99.000 -99.000 -99.000 -9999.0 -9999.0 -9999.0 -9999.0 -9999.0
26494 20230119  2.424 -147.51   64.97    -8.2   -12.7   -10.5   -10.6     0.0     0.00 C   -11.7   -17.7   -14.9    85.4    73.5    81.7 -99.000 -99.000 -99.000 -99.000 -99.000 -9999.0 -9999.0 -9999.0 -9999.0 -9999.0
26494 20230120  2.424 -147.51   64.97    -7.5   -20.6   -14.0   -11.8     0.0     0.00 C    -9.6   -20.0   -13.4    86.4    72.7    81.9 -99.000 -99.000 -99.000 -99.000 -99.000 -9999.0 -9999.0 -9999.0 -9999.0 -9999.0
26494 20230121  2.424 -147.51   64.97   -16.2   -23.1   -19.7   -18.6     3.1     0.00 C   -16.1   -27.6   -18.8    80.1    73.1    77.1 -99.000 -99.000 -99.000 -99.000 -99.000 -9999.0 -9999.0 -9999.0 -9999.0 -9999.0
26494 20230122  2.424 -147.51   64.97   -23.1   -29.1   -26.1   -26.2     0.0     0.00 C   -22.8   -33.6   -29.5    75.5    68.9    72.0 -99.000 -99.000 -99.000 -99.000 -99.000 -9999.0 -9999.0 -9999.0 -9999.0 -9999.0
26494 20230123  2.424 -147.51   64.97   -21.4   -24.3   -22.8   -23.0     2.2     0.00 C   -20.6   -22.9   -22.0    76.8    71.6    75.0 -99.000 -99.000 -99.000 -99.000 -99.000 -9999.0 -9999.0 -9999.0 -9999.0 -9999.0
26494 20230124  2.424 -147.51   64.97   -17.0   -22.7   -19.8   -20.6     0.5     0.00 C   -17.5   -24.3   -20.7    78.4    74.3    76.4 -99.000 -99.000 -99.000 -99.000 -99.000 -9999.0 -9999.0 -9999.0 -9999.0 -9999.0
26494 20230125  2.424 -147.51   64.97    -6.4   -17.5   -11.9   -12.5     2.5     0.08 C   -10.7   -20.2   -14.1    88.8    74.5    82.9 -99.000 -99.000 -99.000 -99.000 -99.000 -9999.0 -9999.0 -9999.0 -9999.0 -9999.0
26494 20230126  2.424 -147.51   64.97   -12.1   -17.3   -14.7   -14.7     1.6     0.00 C   -12.6   -21.8   -16.2    84.5    76.7    80.7 -99.000 -99.000 -99.000 -99.000 -99.000 -9999.0 -9999.0 -9999.0 -9999.0 -9999.0
26494 20230127  2.424 -147.51   64.97   -11.2   -18.3   -14.7   -15.5     0.0     0.01 C   -13.5   -23.5   -19.9    81.0    50.7    74.1 -99.000 -99.000 -99.000 -99.000 -99.000 -9999.0 -9999.0 -9999.0 -9999.0 -9999.0
26494 20230128  2.424 -147.51   64.97    -6.1   -14.6   -10.3    -9.4     0.4     0.00 C    -6.2   -13.8    -9.1    89.6    67.9    82.9 -99.000 -99.000 -99.000 -99.000 -99.000 -9999.0 -9999.0 -9999.0 -9999.0 -9999.0
26494 20230129  2.424 -147.51   64.97    -0.6    -7.8    -4.2    -4.3     1.8     0.00 C    -1.0   -11.9    -5.2    92.8    85.9    90.2 -99.000 -99.000 -99.000 -99.000 -99.000 -9999.0 -9999.0 -9999.0 -9999.0 -9999.0
26494 20230130  2.424 -147.51   64.97    -3.5    -7.3    -5.4    -4.8     1.7     0.00 C    -4.2    -9.6    -6.0    90.8    70.6    83.1 -99.000 -99.000 -99.000 -99.000 -99.000 -9999.0 -9999.0 -9999.0 -9999.0 -9999.0
26494 20230131  2.424 -147.51   64.97    -6.4   -11.4    -8.9    -8.8     0.0     0.00 C    -8.0   -16.4   -11.0    86.2    65.1    76.9 -99.000 -99.000 -99.000 -99.000 -99.000 -9999.0 -9999.0 -9999.0 -9999.0 -9999.0
26494 20230201  2.424 -147.51   64.97   -10.6   -14.9   -12.8   -13.7     0.4     0.00 C   -12.7   -17.9   -15.1    84.0    73.2    81.9 -99.000 -99.000 -99.000 -99.000 -99.000 -9999.0 -9999.0 -9999.0 -9999.0 -9999.0
26494 20230202  2.424 -147.51   64.97   -13.3   -14.9   -14.1   -14.2     3.3     0.00 C   -13.1   -15.8   -14.2    83.9    81.0    82.1 -99.000 -99.000 -99.000 -99.000 -99.000 -9999.0 -9999.0 -9999.0 -9999.0 -9999.0
26494 20230203  2.424 -147.51   64.97   -11.7   -14.4   -13.0   -13.1     1.1     0.48 C   -11.8   -18.3   -14.2    84.3    80.5    82.2 -99.000 -99.000 -99.000 -99.000 -99.000 -9999.0 -9999.0 -9999.0 -9999.0 -9999.0
26494 20230204  2.424 -147.51   64.97   -10.5   -15.8   -13.2   -13.5     0.2     0.18 C   -11.1   -23.0   -17.0    84.2    78.9    81.6 -99.000 -99.000 -99.000 -99.000 -99.000 -9999.0 -9999.0 -9999.0 -9999.0 -9999.0
26494 20230205  2.424 -147.51   64.97    -9.1   -17.4   -13.3   -13.5     0.0     0.58 C   -10.8   -23.8   -18.7    81.8    61.1    73.9 -99.000 -99.000 -99.000 -99.000 -99.000 -9999.0 -9999.0 -9999.0 -9999.0 -9999.0
26494 20230206  2.424 -147.51   64.97    -7.0   -15.8   -11.4   -10.1     0.0     0.91 C    -7.3   -18.8   -13.4    84.9    56.7    70.9 -99.000 -99.000 -99.000 -99.000 -99.000 -9999.0 -9999.0 -9999.0 -9999.0 -9999.0
26494 20230207  2.424 -147.51   64.97   -12.8   -17.7   -15.3   -15.4     0.3     1.63 C   -12.7   -22.7   -16.8    84.4    73.4    79.2 -99.000 -99.000 -99.000 -99.000 -99.000 -9999.0 -9999.0 -9999.0 -9999.0 -9999.0
26494 20230208  2.424 -147.51   64.97   -14.8   -18.6   -16.7   -16.5     0.4     0.12 C   -14.5   -24.5   -17.7    86.7    75.7    79.5 -99.000 -99.000 -99.000 -99.000 -99.000 -9999.0 -9999.0 -9999.0 -9999.0 -9999.0
26494 20230209  2.424 -147.51   64.97   -17.1   -24.3   -20.7   -19.5     0.2     0.97 C   -20.2   -28.6   -24.6    79.5    75.1    77.1 -99.000 -99.000 -99.000 -99.000 -99.000 -9999.0 -9999.0 -9999.0 -9999.0 -9999.0
26494 20230210  2.424 -147.51   64.97   -11.3   -26.1   -18.7   -19.1     0.0     0.81 C   -14.9   -32.2   -24.6    75.5    57.9    69.4 -99.000 -99.000 -99.000 -99.000 -99.000 -9999.0 -9999.0 -9999.0 -9999.0 -9999.0
26494 20230211  2.424 -147.51   64.97   -11.2   -17.2   -14.2   -13.7     0.0     0.52 C   -13.0   -21.9   -17.9    82.3    55.7    74.7 -99.000 -99.000 -99.000 -99.000 -99.000 -9999.0 -9999.0 -9999.0 -9999.0 -9999.0
26494 20230212  2.424 -147.51   64.97   -13.8   -19.0   -16.4   -17.1     0.4     0.17 C   -15.8   -20.7   -17.5    81.6    72.9    78.2 -99.000 -99.000 -99.000 -99.000 -99.000 -9999.0 -9999.0 -9999.0 -9999.0 -9999.0
26494 20230213  2.424 -147.51   64.97   -17.7   -20.1   -18.9   -18.9     0.2     0.29 C   -18.4   -23.1   -19.8    80.1    69.7    76.1 -99.000 -99.000 -99.000 -99.000 -99.000 -9999.0 -9999.0 -9999.0 -9999.0 -9999.0
26494 20230214  2.424 -147.51   64.97   -12.7   -20.5   -16.6   -16.3     0.0     0.05 C   -13.3   -27.1   -19.3    81.7    68.0    74.5 -99.000 -99.000 -99.000 -99.000 -99.000 -9999.0 -9999.0 -9999.0 -9999.0 -9999.0
26494 20230215  2.424 -147.51   64.97   -12.7   -24.3   -18.5   -18.4     0.0     0.26 C   -16.3   -30.3   -22.3    81.3    73.6    77.9 -99.000 -99.000 -99.000 -99.000 -99.000 -9999.0 -9999.0 -9999.0 -9999.0 -9999.0
26494 20230216  2.424 -147.51   64.97   -16.6   -24.4   -20.5   -20.0     0.2     0.54 C   -15.3   -30.3   -22.5    80.4    72.5    75.8 -99.000 -99.000 -99.000 -99.000 -99.000 -9999.0 -9999.0 -9999.0 -9999.0 -9999.0
26494 20230217  2.424 -147.51   64.97 -9999.0 -9999.0 -9999.0 -9999.0 -9999.0 -9999.00 U -9999.0 -9999.0 -9999.0 -9999.0 -9999.0 -9999.0 -99.000 -99.000 -99.000 -99.000 -99.000 -9999.0 -9999.0 -9999.0 -9999.0 -9999.0
